864657268363450
860519054320179
866067131467317
866663837680959
864996806809547
865253960143040
862637465488546
865487851996811
861887722327381
860759237290256
862930903347361
866123930291295
863877355718579
862417180278310
862868613892465
865301937188592
866429762628405
863028663057025
867564238503899
868027821673017
866644165648638
860182600896825
862951123583439
866617826298503
868777538112993
863310481384992
861892782980361
867473832580605
864651438734447
866521863934955
861861810261337
862069643645641
864259238540923
864485418671980
869072958018902
868335815097789
869023332511580
861415273065082
863648324854852
868675797673844
862497906900471
869112090223857
862641561522772
868871544117707
864051210590011
866506900981542
861802935482024
864874668174729
867479759946274
866491915048923
869189744824827
864429248649239
866246093898837
861782240672424
862400699942747
868333347328103
868541634996759
860091064443549
863046374798777
863697671683811
867148896837199
860316561033165
864843227081143
860378600034818
862484489290652
868834826610505
865038512696511
861990794240588
869070604083914
863146917891753
865019012525965
866319143962324
866407861716518
861812373042225
862663084701167
868008680456099
862188254955204
861173022004594
862928778758270
862003312265842
865139388594378
868583349311547
860817453575255
864736703869629
862425048578865
869234048558309
865554018851242
866962128306076
860068569934812
865510846352422
863982459787575
867122327870865
860019929380099
860757571689988
864618792188328
860468567078201
868939220586854
869019732409473
865018047652796
867818631964775
867298088972810
860277868697479
864670182222644
867578934180875
863209433717906
864155179104153
869228543907226
863249361277829
862530539627618
860119588825911
868295541802663
865169699842830
862333573106618
860783590639756
863868876781072
868028690502048
868318102463175
869357731882759
866914148709707
865582423349547
867817137389859
863098164792278
867837088004015
869953957201790
865888584992181
865388012164693
865627462993182
869804959659976
867763998415826
868398330251698
865353756611894
861520868696674
865752601993276
863505117796245
864713489244571
860185660612884
867531855576188
861355937878336
864541940496539
862554177667424
861534932194443
867380956473457
861261365643603
860589172934733
863523241432394
869099204469526
863766066313923
864902815351439
869242678223860
862129788625551
862122416153939
868183543079640
864265134568984
861260515554286
863810592346380
866594796675532
865863332245364
860611544428978
863559181746880
869232666186592
860148405281920
866523940596225
862947432253706
866955057944538
864312410561661
862311541947389
861968291071545
867448062962290
861636226720583
861741208378274
863097064489025
867483635752160
865681288143542
869886128519645
862809105910354
864547372246656
866909519356383
866606290895763
869895139036472
862338584097809
860212820753435
865317130888413
861986172439994
860659375526697
867566502302916
862400566649178
869988216545237
867754052397916
861321475579379
864179722675751
860311964044333
861692795019614
865441526583227
867341272016174
869735059929783
863465334529194
866707535487708
860140793386451
861891905928541
864062067287121
862908818320349
865762420555527
867081120087981
863899502802625
867954189541477
869921108938758
866606279410963
869658966908732
862883113494598
866347679430540
861666676579054
867718689653622
863091184242962
863922219034227
868414858973436
863965089840048
869271097223734
860703216334293
868631064276852
864244790474229
862702515735980
867879773095810
869670122597505
864113513761130
867809168364768
862868337431927
866668015988984
864167172884187
865216015391267
860313136284459
860322944338290
865640944564176
868927340093269
868664650988504
863980750349528
865964442747352
860758818981058
863123861881462
860743720087972
860449137573874
860690528637491
863819942598221
869845342722848
864156643901297
861807255657372
868980536152083
860556451929923
868841362257969
865665913748961
864266117099418
867037731904486
861905187257034
865111680689694
862268422810378
868542179175950
867221901749443
867255188774166
868714469727940
864820725272551
868320756424252
863309865696735
868234692894111
865765081937729
869362318154932
864516461879062
860350159783527
867642765127035
869879568949104
865271306530382
860741761860928
864053145894721
866893461300243
860104316221525
866960014223196
864169534412135
863853996090285
867547487278832
867697314413160
860819084830620
868232923265027
869767685670735
865501118861356
861519074984054
866682616450444
868247077527716
860821283344944
868096683246932
865798480187292
868926755846516
869481685273669
860430431174107
862981040996647
866186985683125
860145588051084
868784053836360
861065395530275
861244878201201
860111485829273
866068295930654
867402489954174
867572596788455
867983079862807
863304539978575
866912724192607
865488855614435
864965227909443
864060370646930
869764214573325
864436608528720
865826643503793
862235792509500
863643733228386
862846497441217
869905842689202
863449637457373
869451367838787
868446614311826
865622257028084
866945320699861
864177078020964
869624045775886
860425872245523
869773765780007
866304317440903
860685024610916
860929137714408
867484837022802
866178206298700
868392275302836
863094033302858
867195154205516
864391734963339
863968007036453
869021122630314
868465903758061
865479527868895
862073701395890
863909560540666
863191115678331
863306834884743
867524894318881
864689598919306
865437222128351
862544316312174
869000458620432
869523214223250
867494485305322
862476985862020
866245446937275
860510343982537
868813114427527
865361890599945
866048451378537
862054692525716
866100146134498
861492500653027
868610091634155
864586184093461
867359495874898
861344366745934
860823851368454
866941720946212
862003812418962
860063060476820
865577618679512
865324424368858
864593081707376
863747054938914
866247612646436
860798672972824
864528020874629
862594006414142
862188521026842
867400950212342
860509732680464
866636455846766
865232793142750
860510987346761
868184603305657
866157225532666
862547970290245
860446741583550
865541769227455
869070905402308
868383704472058
868121288100002
865170766866611
868952686822157
869437147724830
862123362811576
866208649347134
865722551476206
861469941748522
868127651327108
868875521295361
863217315756383
861214985232346
865858004881013
862980312091957
869398944683246
864589052479382
861470059699323
860705741446863
866988132616499
862765876794044
869672990848124
868868175500020
862702185204149
867861602491101
863433601205260
863803146314437
869749919545955
861691490478994
861455127780662
862780326368045
868919788822596
862671744181217
867269633796216
863077513156236
868061349779080
861053663075916
867226409393345
868258578235299
866606836415947
866057250647871
867823277321639
865852707070986
860852476552952
864094154938728
866689225754964
864301365849557
864340997490072
866876988898389
868591944971338
865544561950402
864027922767460
866834043286424
867715257330161
864893188419590
865385646647066
863120788172219
861180585637019
866782019096981
864772905182024
866265877439866
866478230805943
863291883508646
869099371450320
867407831362043
865934785323593
861558063476434
868830716649935
861528451015750
867507970250530
868815600853744
861597128241709
862016819610606
868492208090450
867331889825557
861589630396495
868518712949386
861097603108308
869192508812514
862862339643385
862142737831181
869680866681304
864205351006798
863562584014857
862188218882360
869033621393325
866593548721304
867779527418926
862829720861308
866916730823033
860846206482753
869433196367826
860512236366111
862673538367088
861824513670581
863203885221593
863500199902225
863805463369618
869360734649564
866889640551253
860125868613783
862601820890874
869674005528368
861478780717601
865599628234293
868367403134520
866381270016064
866454746741985
867053773714373
864872317548335
866457704576809
864288275377050
863440639929252
866218070601071
868598142791092
866651869235530
869173646526269
860684715828679
869301686489505
865849211777192
865961790562430
861340686299909
860578436465380
863888070973464
861817482587991
860733717087594
869056719109092
868407133564919
867687252074520
868407724690386
860020834024224
865979974615454
869655563472128
867017039552554
863160005616966
864467643630314
868483232943481
865186313129675
868132102200480
865138672654796
860729357488283
864531235876952
861384632204137
860440252453072
861190117006890
869029027680294
866524027111831
867693961523647
860848579317354
861896484479412
862137844506926
868230669695968
861015155141948
863950934336140
863641218112053
868794873252547
862832752176941
867857420898613
860818293909578
863472753807136
862301772859413
868765729711376
865308296873871
864881734828797
860948829127291
864490832431302
869413584046918
863059561345564
864802416440979
860494058872678
863089764609371
862084003319179
860649420765251
860524221985980
863944919427774
864715687528547
861394526588916
860786543429838
864652150338709
863835638517966
868080431969733
866231521335383
861926349609628
868668898305932
862169634686326
860241477239579
860179530068681
862919638354537
860565008991088
869771741626338
861264188501390
862723856033025
866270914229274
868288159916586
869315455577666
861191519374785
868133383295382
867785790069085
864842107495269
861823777514204
864209310290039
868328517729102
860041357124089
867270188859245
865240512102359
869086917442520
867010094196781
864381591319846
863230963162145
869844979940269
867792626287332
861428653842912
860071950058073
865784962211263
867557184078910
866791836351612
867711346533606
861957717300292
867933271791017
863163342563469
865433033524040
863776724296000
864066963468764
861078919253958
862549738964294
863570868375584
869718567213400
863736536977131
864743459578204
863458150048422
869109944492768
866956530914166
868277167122082
867682053593256
866662340600201
869739043635274
868608772214553
866081432085923
864129465856171
861068138514692
869198686519637
865344966808454
862751882010650
867563066516515
864416592315079
867816450586092
865217503626642
867501958388793
861719572501847
869490617360186
863312792918129
860892914595568
865228468994668
866493973537198
864099828821521
866438363615880
869995096759800
866448037115462
861445417256183
861145045343356
865864045931005
865944922742692
862288883158155
867623016798746
865984522436569
864081799865635
869189041173920
867317021440293
862822752983235
861758687651245
867136899037913
864864951203499
868716550816401
860574806628866
867790651003347
861762865862384
863456988392582
862071228989009
864944255650456
864569647480089
864597794639711
863064743766658
867781512536206
868250733713415
867806205261727
867022142035473
866317518423426
865622539784821
860956577592030
862053491675343
860805178924276
868462156872974
861093758551814
861558017533879
860637661683599
861498498054918
866211508659247
861672660235479
860099979502462
869206793313111
860153871376210
867440237037235
866834887913213
864621437516716
863406004960064
863387808820410
861008945722875
869446396437984
868460990036939
864246632504919
868685999396023
862472054981859
862057725999764
866464699295040
867854518993325
860096876401328
869444521159544
863724650668205
863184730358396
861445277061809
868059143295911
863625112358037
865333993842630
867146879450836
867453556884913
864906324315422
868808298530169
869518231743821
860355532802806
868675362350572
866805403310032
866002662046975
860608884610435
865984339316220
862375947885856
860157367490538
863568939306205
865324085457275
867401447961651
862064419875057
863827670961218
866230375978024
868053528296437
869354760049002
869504856194589
866585607978869
866108576646928
861788595549360
863963309155805
868808755620341
868491379691922
862340002181725
864979434473548
864127081305365
860294916007731
862091710065747
868347256177474
863513361459554
864557592388454
868682774516020
864779694831107
869701916941503
860726884015083
865471091976568
867886251116559
861877990463092
860097344047069
866347174709794
869973316894886
860029379724427
860436556933247
867546685623602
869769441339594
868038274290341
863694370628325
862910845299362
864522152303335
864606465679448
863922003116756
865840128504754
868834955521629
861671831886898
863776666113780
860251393957394
860243044689772
868438570901706
866957264604601
860323713355611
868464662041360
867013694465083
869753432107509
862074709688010
860714333786367
864838431887636
866684844004878
865205453366610
868163761125111
860001350992574
868369405648615
861138266732227
869173095825560
863357845636897
865990962802015
860041444702954
861732735775138
862343098998373
861751516973275
860141289082260
864818047497100
861102607139422
861688242566006
869981297186984
866302928663737
865472025597081
865867237735735
862125252747987
864876723833752
861239349138680
866251130944057
866982429833681
865698238407396
864508172423770
866795163008288
866975759534188
865668584271460
865746669563132
867808684204309
860652300919919
867428583271583
863821600506051
861655897106223
868030346271545
864861698056958
861198667170502
862360163774190
864726588825435
860686778638644
860755588807992
862755135668611
861370043989385
863739850284029
865128731499616
869312339122701
866777711711846
863887902459786
862914431689759
865718831363268
867189783848413
863830400428306
860777108027086
860256263567789
864042098937680
867964633846777
867506161580578
868497761930016
863784459156009
862834143184194
869525853033213
860561395592035
869374144723154
869616301901606
863576053288010
862184321767931
863338521411057
863030496241477
860580987336510
862745341776072
866480508497478
865710476035139
860324459838581
867511609045406
860935375549936
860565874079099
861962649434244
865156741563016
868356904599148
867064799335917
861285901421876
863411179788508
862730222891756
865230977649215
868186542595817
869488106319725
869867243360963
861489486838764
869302407208194
860604947538620
860732374820855
869251329405198
869555688805413
868805281853101
865162558069895
865762298002107
863801229066663
860862907984464
862029037880896
861326393263725
869913663949756
862473838818667
865808058000292
864216003361394
860954675152648
866082290663439
868047124779964
864897311335101
866550822504039
864152411470769
866810675846976
864746889876118
865185821350254
868110372777253
868620679429325
862073518687266
863833122288048
861026521081660
860012765387779
866274580562617
866987933442667
866233894275970
864710113080332
867917099323886
863435733428523
863611030151138
869822818974183
862028725547756
869606189349413
868707788871809
869216381526642
861732572619593
863465019286857
867551598572242
863730926463768
868799068412124
861984374100921
865026687961739
868219422451159
862188667945137
863219552814738
861848426165647
868733759270626
868996780796076
864024143045976
863734957376446
865940422362889
862241930882511
868315793033208
868958273063281
862182244740920
866320764279117
865228520562897
861707939429589
867506086063665
861291704614394
862373159204352
862852680755994
864487380392932
867483599281654
862180378588999
860018899488068
868483718981232
869153355890232
869176744386244
866316112941068
869735854727513
862693767111191
864650831632708
865614428938427
863518125486636
866290724958242
867125058199397
864089005076649
864250386474999
866705196897740
863653762042022
868268054009422
864861468511353
865295521351167
861806248065235
868672947282361
866317657692079
862601686217123
869340141044883
862024654087516
861691574433044
866284101366969
863883084982187
866339480134486
866352179339006
868040807192834
867378934280853
865880612407286
867063775971167
860129400507974
866426812610016
863492942714539
864014950040565
860901794953054
867369564318861
867595021922997
863156882635902
865378304644953
864996487991083
868113966252519
862797909091303
867357960122650
869368154314196
864638567388503
868853137067712
862096075483407
866697184243066
863262835526689
866998527120079
861669521275750
869802217881124
867737240654204
865352941203776
865958950734915
861892323854621
867912333147725
862661870395980
868535997125503
864476982504851
864156806368318
861589554486674
863427566346781
864475653460551
868508970345410
865467033175885
865797712872966
869550817965992
860403181280390
865288472500105
866057335730024
865338297205533
860893928671456
861582257669026
869991397241401
869726785344473
860679189889411
860256029126444
861995150987022
867079401574384
862194370253978
869078812937452
866751342436514
868052604140388
865919654650002
861313426900449
866622309476344
866831759940748
867706697380401
869187281892323
860967954871820
862137523702964
869659978027289
866942890709278
866493882448997
868098690608568
868393237441534
861501975965742
860433873273759
867325912193317
867693291449809
868301188014790
869102312911110
863793545884682
863970958723993
866892239561951
867552865890680
862952366261714
865850126274916
867686827622326
868551900369439
868013801202933
865861993226544
864302815951317
869295026526200
862094883406570
865367638696590
867589359276437
860000768356216
863561134791579
863280319970808
867237655392722
867311485658347
862486974617016
867855065791022
864893704859001
860671897104961
869987187955730
867605161335964
862002344597335
866255925447357
862103083877948
866566060462071
868089519868390
865418475677522
862426324593723
862360068625581
860918262020490
866104597539405
868624981223875
860696751810196
869139781977375
866858190540106
864346853257848
860825113374715
863864036757861
863261717898517
868151545614403
864167125287213
868989992482531
868986862192591
867693031510743
869318586412880
861683053418032
863434998223919
861026176556291
861311376767437
864086218498160
866413652664232
862827572757690
863121471252750
860892667476069
868071464567171
860811757339046
862637285335931
860070557550416
866763147767233
867915962129802
863640385941801
862039958273169
861756386042965
860429100995963
863627936771921
865841403995785
865305590071528
869648949619340
864120209894111
860429191630013
863064798122489
865073741058378
861374618308314
861208103441678
860696415642907
869959251098511
865218937748220
862364130248290
863171758323949
868084565751724
866028509133821
866582938851118
867811415791322
863381129350545
867509293160839
868531372877738
862086406656965
868166674209691
860897650109671
867070677651571
862402393714090
865223262317576
861249474711867
863392968044083
868829475018094
865608773832959
867452235765922
864661839030375
861069422828534
863044967323647
866807599675893
867618182132532
866929956746094
860545710875110
868051474920280
860777288404097
867462630713801
866610455584156
860081636202585
861765558241602
866654560030541
861250952191817
861292339214047
864708970691659
865671189526888
861985426053797
868713443428788
866250833684399
863672082436825
863587969420820
869922542939042
864030300802839
869048173488989
867800298515726
863097082575758
867582971602025
866505568585808
864323468540966
865704607799007
860679749041496
867184359263296
861775948381390
861218433105383
866006571593498
864144555956888
867177202544451
862244238933071
868154676372887
868490877175380
862871588625398
861037776284415
869957602770788
864668117437674
863143188523258
860714219539729
863480895585318
865605607540473
861720809427256
860045178975657
869428210525253
864251388322248
868512398822150
864803808313841
862967140550804
862797520726195
864603662341876
867563448989957
868997673590423
860643312017021
860413014869982
864168995281153
862832622360354
864387473968937
865295843436045
866887051499620
869524052011696
868334607770199
863959766827778
866957684928418
868912433259938
862135829077108
867369946805031
869484256690253
862231713207114
867068014188901
861698040208001
866611661247574
864655286701272
866645604569086
867635865862373
868275499485695
867436501109980
869650686479416
862720498097113
867353729735102
863237820112634
866262477762413
866906374046991
862614790822498
861264523201742
867031456651673
865764115249260
865609586248341
869114220325038
860747832409092
865211586885970
866953898044663
867832285999123
867460962985867
865918501023346
865024105478172
867704709472387
864958164776480
862795552690680
863595663732890
865477397791971
869034559663749
867893683775746
864774446454131
865618435032130
864150277076529
861280311913790
865089769625485
866259537830361
869335547480257
867586191913188
865614152921898
862979130200112
860478796198328
864231296928912
861235647558034
860502914468673
862697087329300
866992071765719
860717885606923
860488807357707
868313001244432
861128870888707
863173368707610
866860058900057
863939637621311
869033443851195
869820672435071
861012311007983
864581462300861
869347839160617
867692259919869
869028155549895
862896767450149
864411047114376
866644365523501
869056627085587
863038824772855
863216069809525
860902315178852
863109296508047
861938507484433
866494769858470
863191075970314
862348976231238
865112842462994
861980844131011
869359128197578
867023240859091
867951178287809
864347983196581
869605322879116
863556742506578
861224165394674
865535074002682
860731178007176
862280972660249
866557477842343
862985159672548
863808781714652
861975189885444
865403051776700
867014368702979
866463941545764
864345058399747
868600309889763
869011176334551
867113367843574
861514285161707
860542724156167
865931896087292
863331919669555
869417990245532
860887518901706
866227870962996
869999453769638
861799324198367
862413210294418
868646323587920
861816389712897
863270754607324
861761751656621
861519616576459
869932880880461
865334367326866
862988546855398
864743641158076
866660184388816
864879891564882
860813012787320
867191520311626
862140939128118
860604053968137
862209611423213
860447719738196
867404542415628
869347203704324
860008368770674
867912965746049
864454208741843
864034888983197
861311438083144
869335779145015
865364398829276
869894516717879
865762340727859
863210329956912
862537925208051
862474430688925
863053659294723
869342794248392
863401591576592
863804752521317
861907489011990
862600767290557
862012766614982
861180316836445
865708399678603
862786641691679
865397045651973
866925564101589
866188703609799
869519239624902
868479983780260
869252339432945
861670899443051
868468485481738
869819708540774
869315439603264
864476212775763
869887576258693
866734747044141
868312692455654
860187664547502
864726667296995
867476441180438
866698986561585
868071071491632
868260935375849
863646221782791
864160020596953
867509752531199
863985915859087
860491577820795
867940816255193
869802313138877
866797043691111
865736939474232
867837870447418
861269635194148
865381615534227
862525245723398
862667382950553
869794417715604
867106736716857
865580606687463
862838781901057
869132555625125
868386351246206
869759077920194
869175364751492
867131156176897
863186819113022
866490407714958
860174482272924
866011361707516
864643608411232
869908724481480
862011632469463
868909134741867
862036493809144
863322020628714
868454872898975
860618445392306
867274341286383
867173698193583
866239720306788
868911699996655
867379823496715
868915613475602
865310732961552
865991495035503
864089464969487
862820918224193
864603525235172
861862911884560
868655516110583
861870227519307
868914019503798
865042431554816
863400159335931
867292815460319
867531401597509
869753837898864
860394517080703
868919570676194
869321791017554
868470496038271
866745951710165
860405544815050
866769084495380
868425011011095
866386184139549
869590091015340
869439714497899
865275581909058
865761863723303
864778949064799
865719936769013
861142040930709
864140109775706
869240841451247
860074458357028
869567587206953
868962378543244
862683348845817
862654116505653
867327785545392
866974154721887
868597848117431
866099328913170
868829298061005
868333544329768
868994555673229
866572543515494
867930201889019
865962223414683
865507134647730
865707894440869
867402683362875
861571031828733
863041976122991
861432044382694
868333622892118
868833180652814
869619162227615
861429765323339
860658725019823
868233454921133
868132954307629
869379783341057
869208637026941
868123572057899
869496158847506
866884209488425
860444296530599
864173492207423
864021175927939
865435596485427
860520152404540
861268140691932
860582974266092
864762393991838
867532097679456
864581501465026
867616588265118
867850938356934
867203651092941
864256091672663
860000954369224
869237590334530
864180975784106
863334273013400
863033907245436
864344589564658
863928946997662
865094170645502
869625866527097
863095745161921
863954997077017
861013380122647
868246624867320
866390449177953
869736619681424
868447125933919
865021350598837
861082654165213
869751303431676
861393539677091
869052219152857
863219293342820
869680575892345
866053286911672
868244546984054
862895454479727
864656699954426
860781617640601
864188472637830
862575553277959
865254554988690
868869664702953
865773632747138
860325335646738
869437160195340
867913612457487
861802064837110
866332749287233
862823904966295
860013811872311
867035957340279
866380493481736
862714916868323
867391896472479
867079520141521
867596488833636
861503174892237
861387584164429
862286599798319
864679636688239
863367680456903
862185356680526
864563671307154
862785620739991
860193003796202
863411735294262
862354840388864
862005978018980
866491751999978
868936913878818
868410076952227
867112792771063
863023827407157
864470001719642
867736546798351
861176562928867
867056658454160
860906552144647
867061119609926
869100972991486
860005411358279
865273695990035
864428407925948
862830258093366
868588010836199
867966377762231
868057988897917
861456069716242
860805807192181
867957522116176
865018725546773
864104811196948
861504008696884
863439504527259
866945478278361
865928399604401
860404772102770
862110099420379
865939155877733
864191540128430
864314010113074
860024233492684
860394445135431
867350301694351
864902737656503
863308209716251
863829227547307
861584890169562
865170033046655
866012324151508
860191023106504
868296681196958
864669288244072
860341697412731
860253642430240
868025878017445
866486947852982
861231894675912
869371261248779
860559997527858
865575323224681
865070644748458
860051924271962
864053418950838
863071768322206
867516255151171
864607728931024
864622050807817
866962517729690
864447388469480
861467024138298
860026375929113
860872520564385
864487950113554
868134676619394
864721780829461
869149111710191
868976316233596
862551835308938
864175671767956
864413137039135
862432999555615
869198285976861
866745944439085
868857948581943
868258732787472
860853178520938
869039138274326
867722319023467
862047975687380
869336474109373
863468765190325
868598302872715
860769177041022
868842242814344
863035242930740
860697381699530
861979862427935
862726872130148
861599883696702
869264197926628
868345185885280
867304144190600
863193828671151
861023120161344
869550291849951
863081035906748
864492872245356
869137729407996
865090729467038
869187652762490
865085450784799
863656408126915
861140415803491
865645454358740
863025721900245
867406531987605
865218027708183
868462645192725
868485819161832
864922714440138
867673287873513
863594222923460
869089966370147
868949912303360
867513628907800
862748874462806
861585897269707
869822096715983
865925620287352
865158915727873
868949834960480
863963504964719
868543065172989
861777592387696
863228049820341
864420301259488
865345324522655
862869765533114
866368146510630
867038913648824
867593419720006
868223774506797
861780530286456
868504398324350
864595475872107
861537724219682
864696868505109
862159006027368
861622703869017
861189324876732
869182041895282
863846364128946
860063339328066
864724064108477
869553083048947
864449680052789
867879817358421
863744928561157
865064714928107
860991457205883
864903184296668
866942738354713
863689503325618
865277842955942
865710457098282
861306664072450
869820208821673
860974559311048
867258244785776
864266939393234
864008459822121
867938612117398
869096743286413
862520623662648
864378023791274
868420453125373
866854208537260
869844666939081
866840359367243
866292344998139
861015934773392
869913404938135
863004519759439
867277659145808
861264185093759
860909442715218
862929580739036
864610968496950
868059437790363
865820547768361
868623398964069
862113125556473
867843893101910
863055135882390
861977346738171
868128303942664
862391650634214
865252487406764
862190985188893
860780893214386
860466894996545
862813078897613
860062468333716
862986718438979
865347189511905
864821554052441
869916216100892
864295048242198
861129781370478
869743791417286
867469729556073
867592635136719
860739905435711
862332053382441
861886892341714
865013793066990
862353341736712
868326937947244
866870679374923
869080094661642
864527113554844
863587256920326
861858516816035
866929857357720
865930161102479
867631689942942
862182175245481
868295015690958
860030471682926
866675788221275
860909797335034
866981512820381
868716111947316
861830376614462
864879024749063
867424125021043
864191750882723
862539537195002
865157959531361
866119947194874
868413237474836
868281101460016
866372662218478
864964862788959
869216707991879
862677672097121
861531271372833
860604839592321
867545171508647
865984812503672
860409400981817
869776437828520
862524323843854
862214389666536
865942221502003
863030661829824
860829712148699
861297633286429
864901431715643
869014214290192
861945684821404
861633110320775
864483152769911
864053785074004
862347900203836
861293316808529
862798305796232
862910741336792
861839653070382
867822586669214
867617486714769
861629221146248
868319872262457
860382528239155
862489962758721
860557804867658
869191930048423
865679714786348
869400427971976
862381037883802
864668892738710
861541066776573
869734696715696
860900472796044
866284968731152
866767085978447
864386453121193
860936752748874
863426755898055
868504666821300
866150126247066
861196473991572
866319813782497
861391395786778
867873423076414
860820960119831
869350551135171
868628623915887
860615915563871
862151966609992
863624098634873
868199532942754
868719813814519
860154785447129
862994713236541
865975526871641
860281582999326
869901812248032
869326341277670
867655844547398
868289180025963
860130404348710
862011127794108
867072235644866
864640319091811
864749198659071
869352481253881
869280435109981
861195829098679
869794887317361
863016536759884
865957583676436
864220761630781
865051526049827
862958286479682
861984790536386
869720783920664
867025520907575
866348721106297
862319533806637
865105703062876
868572653121091
865519203957031
862077851859491
864836356942950
869408033567598
861227677463685
866666031632236
863418582379484
864849963732934
867979367233360
869782168403120
866951301315379
869452156066386
863307782461659
864586106468051
867684226945299
863699484376255
865010213222880
869582361646815
869041962509487
867697099417082
869706551498155
864705986962021
868586863697723
868287474599495
861905500703147
865715148253689
869264522071568
861782260199461
867679595709743
866554964083699
866354641772827
861309156003263
865532748631858
862192943948688
862691649367540
865178070703209
861824484414108
868647517837146
869423892339754
862182857403989
865741343163060
868766529903825
867221933571350
865533840907970
869608414570137
861020574739891
867154904858804
868330581832312
860752432479654
867755662763225
868643726767707
869121669580240
862921924467063
860322438945026
866887524274798
864789378426271
860656529103371
866827059121770
866078857631931
867060127477573
863917011772016
864480599580294
865950277176230
868241210567201
864278843715529
864485294275626
861042038184956
862817445634728
860446777507239
863692737065239
863368452256247
866579885304817
861210422479423
862952992454135
868028673375485
866323100610003
867341750530077
865689695235837
861227517085479
861269017398248
861323589310753
862251037726824
869042746799079
867195407395859
866116821221886
864767020588596
862810121704031
862670520542703
864757014179513
865688572567693
867509147027749
865273982003184
867668902406881
863394396036475
867101635554453
865501628818841
861942878938261
869433498236667
868002235731641
862135757546884
861518007923927
864769305054226
864269014521285
863129494522277
860126290394231
862815704128504
861407835782131
866583746489418
869635129762927
866427834767137
861878842416234
860883420489129
863458291606970
866445287937127
867572097982298
860136168765250
868283573581825
860935538028546
863213631696569
863693713842533
866643784280800
868237182856396
869846181393141
864981149649798
869499047146187
864290843828171
861447469159445
869078676709619
866508128776032
866969650957316
867192977737196
865547430750219
866781883689196
866048954955799
869316913660149
863952866480792
862105482985669
861187076222485
860150602620718
865400578664889
867053313914879
869352856200844
869654582064439
860841764125329
867796605750826
862623391002214
861939176001520
869181625144378
863687836033831
867171523334946
869304316097026
860447052447974
867419559183575
862255746314556
860884268431298
862671109058941
861032291547460
869307563978175
864968238470166
867966999353308
864627855830919
861660580938848
863801706031752
861516955935590
861790025662971
860850697559938
863978037450382
861429096420599
866741313994552
860711218569934
867431511388003
861215183021397
863696681471283
869501640159479
865284880559512
860484222199158
864008170177126
865807141283738
869229564366280
861671652047403
867923699120386
868331134161827
866200921200255
865698651150299
869692172883472
868625425140827
869053148128060
865413637057031
865846813060077
863910201279229
868180028123055
860298884936528
866370492763449
867446644566089
865834143096983
860957387450055
869857532179557
866870162191322
866334342842379
868127531873928
865380530636456
863024319420785
868993704452725
867283092982527
861981866712261
862700135443621
867782999625948
861260750436220
866998834536462
860461774109916
868970205182615
861390422963092
869841663647475
864568770673630
867905768667635
863529231342183
863993610271828
861842680349345
869290328574104
861533743687930
864574912575709
865910216498694
866795684493505
863393579561857
869976772248485
861352805332412
867009005917642
863443342862580
863332761428801
867852046908163
865927711182868
866138570194596
865291319358758
865991154839241
860668949028923
865752118075552
864882423205986
865451859478498
865837487452110
868192611384838
862371462841053
867297489024980
861662790156025
863001464415672
862310730051351
868705460916952
862320173561253
867459546183105
864208594871812
868850159566422
867798579937261
864287072359281
867454198383059
862118625150557
865374681625974
860075159461075
861150279016364
868051754546600
860677810450236
861976526293290
861410156326151
862315486038929
869458114069538
860233592045608
867329407824596
869933139625061
867641168653940
862817738841013
868829547447850
861725943557399
860862711280889
869139076270816
863190103682540
867681571998929
866166394949831
860665113124622
869447177547712
860882392994308
863393200227720
860772952758089
862788201096656
867312510200546
860087275537240
861851013261800
862249197497830
868478382649471
868823427460179
863605987399710
865328088847644
865278356903122
863147417432156
862937459122912
864263295218326
867414048006805
862631779596734
865559123896307
862906897727364
868282869857736
865522535352000
869397512677162
869951178607771
865729514557641
864467384644224
865004809405731
860424695234361
865752273182482
861710035051790
861250688772347
865413779225165
862412453006654
864230137265026
865849185186396
868144057543614
867721528373986
866686419624410
866825833656861
860214826089670
868563460890933
868971619181651
869114158597797
868071546238456
864729076940268
867605171370698
861243790328167
861470473801287
867766379565464
869783930886496
860181772131224
867973447363456
865145921371717
869397584298694
866188905299898
860680564996554
862419516152761
860407682794000
865106771576196
868568871923336
868111213438952
863493306507479
865795105832407
862663854172044
866248800532421
865532408112841
860504853725577
868558080480238
867617931668884
864048034981125
867746643419989
866456623524377
867596320844269
865257166848731
864009851444574
863178615174885
864209303392159
869494665652711
861735314343918
869431690507104
869197098528304
863145589170330
862486672824891
863567927692290
862179733895618
863385912372845
866911034772690
863040098801187
862776866783104
869651690848971
868231601132639
869832016596095
868030655292726
868052448242914
864227789013969
861363195225281
867321497989268
867872721041075
861115704952091
862997803264206
869387693358620
867450593612336
869941361528885
863536898111702
867239721985074
862297562116480
868981716569440
861783132485555
866565415629336
860233513033454
867510965682613
868750768325703
866392726987704
860085733570520
861548749639041
860601221314054
868110306407986
861629533936107
868301915615241
860799510532720
860703371735110
861550433681361
863342362281481
863449113617526
860764260699948
868501164614866
861435373622180
865078667032652
869330651543657
860535374272227
861178518074862
868695714872636
868108552639159
861389387667570
866562646769164
867200779437899
864937380558781
868082386774858
861328784594812
860599448862337
866631877110992
866253352866347
863732756332545
869480096070094
865418330271073
865302594659912
862932114679763
861720865893519
862657910978652
863816914575525
860721411969936
866223243490551
863089618321862
869159267235953
868696969546127
867430191600333
863734178984595
868519033097498
863922295154500
860139063800717
863588159663591
861938210916129
862543941433367
869560856657711
866362442776757
861061598111612
868094891656769
865685060714814
868775997539732
863949663741294
861661824163482
865176926808978
865507244818782
865039397804847
866084830902499
861460474238363
866434798785532
866687812718630
866585712878955
865416139164224
868293187245433
865259954310756
865504494322497
860023689310356
867998412906421
864504601842253
864725720318318
861461546320029
865321014699866
869175463155504
864388350805266
867938214354400
863405109056259
860615861951474
869096724350967
864752601152535
861644608898648
862751215194528
861442886939763
862204856857694
864202096840762
862660436949663
865213366471507
863662239698811
860869214452808
868173736166499
863867524221690
864453708659242
860845997507425
861719892465017
869811496397774
862839404771239
869673433844904
860786445872653
860800886717124
866833216398394
866383463080493
864168089724157
868048821111349
868903687906386
868445004881944
862903651618906
867540829021097
867186066271864
868299082215748
866683224821181
868593951255662
862738529247616
863035682420990
864124915202393
865689278678632
863455161699032
861337356785216
864792828083511
863980535436224
866151537089445
868103374271905
865196957692958
869027134703851
861026892481792
864539400088913
864107939477259
860897649469857
869863806930587
866900084040661
862672298781739
866710313273374
861986679893787
862011488456501
860562009861929
860218286872190
864883811701187
868129476373217
860310358750752
865145183161438
869676244715916
862677622577152
866469162866622
869580077946502
868787215977559
865684136757715
864748370689406
861501770232186
869083475056142
865504941323220
862546759374659
860815452014231
869298599527676
866203829569554
860391425934801
865797477949606
863115696363461
861853725735393
869451426531907
862476703570417
865697625440885
867664286306549
861584056548766
862427249261741
866109243798067
867173768325102
861258573903269
867475294238041
869845096726945
865688651072686
869413496372079
863753829831518
862151433181214
863125773581958
863156887368390
861030091651245
869858452775222
868322453955290
861942047181487
869889679985257
864723493092759
867168182047643
861703570348042
861635410514995
863670550133559
866502034291111
861528864737218
869770978992363
865649986304802
866258109577419
864454962564752
866333127425975
860745122312664
869832212971425
862147951910806
864456360226715
864986931814025
861935211813804
860507999951728
864238161838939
868892909349838
861857534264022
862455822774386
862987897845969
862202348576433
865045919169187
864749062675408
865715771596543
861350207342809
863435751111701
868227151835044
865356272789856
869957263166722
868444981922570
861996758521528
860253446543375
865832785144211
867774973934199
868908316447162
862938506982429
868513445132091
861158570203804
861993666851758
865763198907635
865648715213918
862519839523505
865716374549721
865899380588408
869830792216179
861732372553553
864968810702392
864327152909000
864402473643409
865265664630509
860371173966561
861152524894660
862431047446536
868077616425679
865558676734186
868552972838164
860488371633302
865440130718313
866270543041417
864569093985251
867852209848184
865250074319278
865827819111820
868528438538884
860569655142090
860494819998637
866250690685030
863068882016234
868922464876953
864882548369531
868142942630282
863112774344516
866475224668648
866383193427712
862149964073770
868165531014312
860250804368409
867847334012876
863152534116319
866662235187287
862561083267801
861686948861419
860963564407753
868491683769364
861235121741698
863563289217154
867042095152340
867158433643691
869258369198989
863564997704344
869726186907394
863925440805089
866790591798141
860067722657918
862161744842244
860196873692149
862275346378925
869723245554554
869500783125690
864453874775099
868945805913014
860839205666927
868264889174757
865859490319289
867212153618613
863533455876321
861670292366889
868141368077566
864616112765773
869792056745375
862562411644974
862221851575430
869235178236184
862999734759394
861852158135363
861643150724097
863673125488249
862856276884593
865390628667263
868383374501048
864856969877947
867272195250141
868137558224915
869694940725557
861511015969558
862710966166718
868991780586844
864742148527444
868549703223891
869577388345373
868151036051923
868474743432630
869254343174030
869387150141087
869580412808653
864773307563244
864652278555694
867506258867876
860346729905591
866577697971318
867121393220431
862883217887908
868682730373209
865974948632015
863428012469165
865827921671372
865343971342108
867266784376514
861503153667468
863860453046538
869802425190679
866478468523316
863353625847216
869877656517246
864600630606269
867389695126681
861627732302300
866330091502973
866584272636312
867887116110002
867954661888013
869453987094338
867105304860068
868208710044981
864907333417737
863285278478901
864391707262409
862334286097276
865962110333150
869375659160310
861111861847792
868635515847727
862426790618470
860746959068106
864159426910770
860463586786951
865120634898137
866006670706365
861630266117176
862437020068796
864622663474958
867662385036581
864657910870484
860152622116572
860089445628182
868949757896145
864654343463326
864065742091944
868982558628176
865717100090586
869543737440586
862281295058484
865976382762701
868348472911792
867716259463696
866093621293625
864055996911000
861027474483728
866834669525660
868407443914380
867675967542135
869995032342039
863902421186131
866005110658288
860380492297688
861665767936405
868924792513416
867073505112407
860695143199687
860635934881900
862766234787468
868713091437562
869985091600584
863093293849813
864456705906401
863697987351572
863189438040346
866033731676176
869483431409311
866674705326781
863758599716118
868018323338890
862042121085340
864093486626046
861106311517272
869990332785690
866226956159298
869870983546701
865852402551210
868693091432879
865131267452633
861339089174093
864690518085781
865906192378409
863931078551048
863017395187735
860114705674047
869854416215773
865923717975178
861413373809254
867609873411216
860491485953681
868325162654825
869522144487259
866531631785105
866155312287587
869872758074644
866194278551365
861385184119840
865672915201146
865572017532317
860377728324327
860146266206755
869304279253788
863143385920805
868464978783753
868667761698419
866050310955130
864129560685572
867028623060580
861447820115938
864957300591306
864105722034229
866199347420562
864807564006013
860601688132488
865218295069291
863439544622869
863724052644306
862100576706604
860745859063452
865759030976851
865549073864872
862973286256735
860005858503466
863687729569319
864031595661877
869687545511778
863199605699863
869182453985542
862555426293388
861042321970126
864576874058484
869261114702413
863787363491432
868710805381360
865237880011682
864837633811668
861380220618026
862973636771609
865114584708959
864836465789807
869662633136071
864757461814944
862137833216648
866833784961131
868439801354215
867099177552628
866738479101202
863082099204847
867445536187813
867213192921672
865099297712331
860530579990217
868923280089150
867292048343781
869048411201125
867693429100581
866817920714441
863704719560723
861820846858896
866896673517203
869192461017917
866194220546691
867128108094003
863923417707729
868083150470605
864651346282968
865826033191077
865237595186462
861480485861387
864834157147844
862337957768538
860195450920806
869795318414207
867729190888107
860953806682975
867174781528369
867175924192636
865054724512939
869210084737143
869258958236879
863374423065818
862658429933430
868972242195480
868505677161110
868810513426847
863952439753767
868131270817199
867245529951472
868304974956646
868060912269305
864878251518981
866223583088059
863855989483042
863773367385564
866859014227225
869099733671620
867319877990034
867571795185577
865812196593723
862132694745806
862269745978119
864942110396846
866318857711641
863693661792526
866203850721743
866604484941803
866284926599083
866119048113667
866891976978770
865355267748479
867281500186785
865357038542584
860829430250565
865796364010516
865096579746844
862891416982202
868853717113494
862122907694794
863589389655341
861918151166814
862517104806340
869902412920104
865875315400595
863483744047589
868783005462965
860593876804269
865309586027584
866346784303667
868270024778917
860917406017491
865962436301269
863037648298056
867302031942772
865433144698239
868576951919845
863543363502668
862087041227452
865855707505290
869574618016707
862904434157351
862144831823385
865935640184296
863638094809726
864412262314281
862423758626460
865843150377658
864080663554915
869230635218231
868134964089381
864789020587689
865389599796623
860454840314962
867626185470422
869417903332080
863651222930614
862121185744380
861373216345545
866619032402205
869043156161861
869479752270022
863477696168737
865688719909993
868253746348868
867609119740331
867786364366006
868766394091794
869696578625093
867546079155417
869084366621410
861210507193649
864395028223988
863427382087440
862909556814990
862717973453225
863573748417094
861451403975993
862891003903672
864294943856195
867687226010830
867059699517342
863888655707421
869217410316548
865318705811739
866490531394495
869586309302651
864964982320271
860571649186556
865258058830411
865551715816147
868625810438655
867616590052033
869880952934354
868926863079971
866396487238881
862971158225728
866218504825680
862227928423030
864280030024438
869471436351492
866706321337886
862411288492270
865190437979153
869753881659568
862419812505837
866547922690390
863448085375694
868081396884342
863888318855565
865864000972793
860420734485727
865649241138008
862957995232821
861518119134867
865171081053460
865507864754182
869791565798350
860308133117348
865958707252146
863285549711048
860661104566396
868106819366234
862875161765913
865292984361759
866945280872246
866372677654061
866588178212687
867191082951832
864341235149353
867235456103860
866906357334403
863652380284643
866636786724333
860590499957513
865226952305953
860589134493050
860004355013015
860539842304342
869084892621916
863173923547743
869950209876399
860363710547037
867493828696786
860914453419935
869661671334067
866341034167463
864208082776822
863666829136468
860401185506350
865085516827276
867273335548021
861035964987512
862970646293254
869059890586044
869171768603054
864500079107170
860173340781517
863044911923738
862187329994004
862154624921441
861741812287981
861544225087740
862212532348891
862284367609278
860635731904274
866498988433384
862645710667716
867686938124445
866582698997841
866651947814515
867878667698862
864130224345484