17816379390
18396458404
16683455196
16302920383
16267792057
18266494617
18215531435
19718584667
16655100700
18115929738
14778524805
16545437646
19274056686
14197499699
18816840617
17045448263
18897648249
14512756740
14164293429
14874215561
17698859894
15338128869
18993751850
15600234624
14982695492
14415747055
18872747164
17463866228
15249121942
17347990834
16206978214
16381891559
16436893200
19604809146
15976416876
17518347548
13899198922
16277436166
19767431721
19253739055
16511052467
13190350510
18936723316
13744862574
13823799811
13433435179
17810878107
13583960431
19228330856
19931283660
19529595974
13014647325
18787603081
16156866076
17345590906
13079496237
17201375594
13872759189
14531952497
19124298375
16658205313
16330459434
14297498853
17166747964
15693100397
19433454620
13288006322
17401602316
13453505892
16030362264
13428929636
18531018602
17760185025
13456603948
18357216376
19060708650
16022452099
17801265025
17672914764
19130038732
18373560565
13456462748
16573702690
14219359914
13216259027
18478156369
16500057812
18468420913
16495313230
16986939670
13668712463
14926121817
16227293573
13909083076
16836378087
18166852984
13757158227
15450128299
14609381383
18492792366
13944206778
15794533838
15741988983
18040013715
17971956906
18049808723
14967704946
17687140685
18503060807
14269914133
17238921589
17249649395
13270127063
18470078472
16176992954
19980338030
18515531176
16515806288
17619589973
18392429852
16254771413
18780449856
18454868464
18328731049
17091086176
17707957550
19227325175
16747173818
16363774459
18370963303
19726226307
17447987823
19661357897
15726906953
18509742149
19838681079
14809875055
18742416445
19383908154
15949912816
14981422844
19848707136
17304414802
19220499500
19648926455
18973517117
18167902933
18825398336
13179083353
16433331296
19912667384
19013892987
14189298649
19305611434
19584830562
13221076699
15509083477
15443046073
14904014454
17703740626
13170604957
16196918174
15833692537
18451692792
17861261210
17831027575
17897222082
18117522557
15366441685
15524710729
13698755325
14089085020
13772324276
17527648889
13824025279
13074023209
13550819166
16218981557
14769697128
13407621826
16951416509
19821990224
19488061494
13479250784
17957243833
17503291291
13883459104
18455777610
19061577607
18735003692
13569504254
15783302903
14800197103
19565650004
15444519056
18769711949
18770877243
14644370935
15836179775
18948827536
16381421319
18792787372
16197284899
18131792850
19025359776
16023780010
13924355862
13420920862
17017313806
13486197142
14454334398
19314592061
19203276615
16999458647
18008814753
18383965162
17388482870
18581929177
17039926733
19524687769
15938045746
19674025232
17332152810
16043458634
18642470891
14499946642
17898078345
16644932923
14271222037
18105906690
17866692437
18237315334
17201120872
14074997932
17825667759
15678955968
19780502179
16487864716
14118861734
13760228876
16105351658
15384062215
15673677017
14364027869
14876464129
13387764376
16048255554
14852832936
16463392673
16424855687
14038771448
19096317279
14933773481
14415536492
19472738567
18675099622
16807463325
15514609332
16318000645
19958381907
19659189547
13667453237
14883863754
15411772872
18376595294
15799511163
14096685489
18841059355
16606814981
13483939966
14922919232
17829090983
18889066609
14400379941
17651293329
14841264291
18265796324
13860774445
14088353404
14002342018
19281784925
13622051060
19988411964
15756684991
14749564307
18003726838
15291341719
19816656954
14057895172
16020433677
13518712770
18504508170
17980588045
19145345015
15039869465
18751381771
16523346266
14786188894
13045907647
15354581428
18201691687
18858041595
16849856411
13926483080
13908105102
15695335488
18393001751
19191625340
15361478845
13643085921
16268423557
15960987519
16606413168
14312516877
16992071259
19211540167
19284931240
15098776751
15608468803
14726779008
17665131594
14212283438
19517432051
14363449057
17433308423
14861599587
13535269929
17209751897
19189682597
18165195995
19517595657
15524766468
17663556666
17993987718
18557045108
13539631957
17321508926
18296629861
17186834559
14645664261
16865213906
18911392907
19390043922
19303738408
17591540315
16111288200
14978342686
15865386418
17467248947
19133034144
18959929164
18959533619
13618365459
14630288587
16444087677
16113154698
14607072935
14608274449
13887318778
17208861425
19969552549
15927799334
19930906733
14050707546
16094988413
16296664319
18405595292
16585877769
18143810515
18899351089
17510119348
18405731071
18992598911
18709191941
19752042810
19438424883
15425495093
14616624956
16851309846
13229485831
15841590054
13087239304
14725739828
18983785084
13653918484
19765670655
16478074837
16620477802
19048004481
13593537957
14960842059
17365714048
19868042123
15788758162
15117893782
16404692886
13673757167
13738202623
19086147447
14772454940
15850264217
13521901491
16804580260
14895463802
15140640901
13857843756
18483663510
16097870643
13819708217
15040549426
13401766032
14924210312
16589202609
19674429968
16123747506
19072363212
13231644677
17696082895
17297135479
17564345840
13569923653
15987983968
16722940495
15077718645
18510665828
13264593126
17405945998
19293274116
19727045938
18924028409
19864267527
14462765662
13913448475
13897491103
18449293725
17488665407
15311838330
16910351063
15727921925
13111225905
13714525471
18809415778
15831534036
15633026960
15756013142
17872786194
18000906096
13429752789
18506675768
16157529276
14756523902
14597328282
18536850290
16235956914
18548371643
17433560534
16487600807
15663989681
15775201857
13252694949
19597088513
14983205507
19862696223
15715959589
19485091207
18188974888
18449455604
18920229945
17598584652
13039202899
17173448325
17061933842
17462915986
17964835769
16763456329
17520429584
19370658901
17409261214
14117273590
16938325418
16847163605
19475644359
15130357645
19561083139
19569544394
16657069505
15218187446
13091207612
13953016092
19041876798
19576619828
16800764767
15234451137
14394918598
14519417439
17143984257
16466044500
19587354209
17309778882
18619348619
18979597392
17615197368
17752383077
17961695145
14266016213
16558230966
16475539594
19172858185
18262225980
17515016735
13146984344
13467565156
14589779580
19409164744
14761276856
19521857824
18854822195
18694829292
13482802460
19220815030
16077172938
17432033405
17860830419
18146797310
16962323168
15091812655
18661863789
16714225028
16435968462
14748524678
16010971036
16823531535
15646854606
14647219321
19872191630
15846494722
16333711586
15375762438
16453838099
13176866358
18321311951
18014717307
13458842286
18749399725
16790478994
15984573618
15776233110
18623058809
16673256560
13221663966
14856706894
16389195821
19677896602
19814085087
19228719536
19980330805
13638636593
15292837915
15297956279
15730009655
14055905817
14428219218
18075724563
18476229122
15607061950
18231574611
15146970854
14817589514
17658618780
19430936156
17707415568
13279489819
15919039326
13317820581
15996864819
17828547192
16739423503
17063922602
16127926844
18554651031
16612165497
14608544949
15354862607
15482678220
14044821826
14961355899
18431062459
15421878167
19175703545
17987178005
18697079967
15207461411
14891238166
15920467503
16100057601
19043132933
18560965822
19134266678
17805645934
18729056234
19202058324
13162777636
17843038675
18176136335
14407881514
15750449543
16372434047
15046708050
14667463599
18330044680
17786542075
13999803082
18514506491
17706378716
13154411518
14000752967
16231282924
15494316478
14627596064
19202254088
16298397543
14379448323
19657551020
16372112912
16488494226
16082827471
15444281969
17758239686
13076864760
19403376858
13167193215
15163820923
14075611513
17152644053
18659066714
14831974707
14376054715
18386836879
16553011298
17579457540
15483687341
19655664229
15949486482
18454456920
14862827216
18376185346
13599443310
18020696677
14100208455
18653302313
17195350783
17761019039
14553305322
13610448380
17143380730
19339284661
19024500618
13895922408
15436893946
15805831740
16639598006
15174204984
15651027804
14857506418
13319713944
14011834230
16097353477
14451297951
15743893614
17414416146
17642530405
19569804039
14298759700
17019886790
17410830001
19508405279
19476293190
13451864890
18666577877
14463724907
14840751687
17413200576
17177519867
14867487613
18423421380
18781438423
15015306698
16909270511
17403435547
13806169855
19232942373
19379363078
17095227293
15594406778
13646632962
13086020937
19907028596
15841679717
17832217759
19627510856
17943321646
18386132567
13216945161
14201416812
16950224371
15824793858
17483875965
13368407265
15795379240
17670781538
14159622764
15761658565
17002070922
13861273092
14653393479
13377268339
19475490054
16438399884
13961503355
16393136343
17354943209
16012997895
14420449363
14773110213
13507266720
19010708790
16503686397
18645424311
19211946239
13579504535
13578871026
19299057841
19980097711
18259098571
15208805483
13017306631
16034147987
16731820338
16532272021
13440787406
17808670111
17197103409
17733775096
16861018912
17343590843
19511805888
18193239251
14478879805
14675479663
15598724326
13161615787
19137859101
15969277051
17170420693
18529588800
15910740892
17579130191
18648458869
16293814758
15299912485
18056173771
15030536969
17866668679
15922166791
18013935022
15634707181
18106080790
16883753658
13053124659
14458057324
15479808597
16231464642
16212848364
19651072662
15059666583
17506796847
16876161825
19048127532
16922192652
13841630144
17823559673
14929559384
13509198347
14006449844
16815230888
18852782774
19063968521
13095260661
18537920761
13367401932
14488565380
14188658297
17636560299
15970112242
14575042027
13661653357
13741596628
14465918929
13759150548
14086590562
15186922841
19807798355
15575378040
14124596697
18711106580
14571748637
13110050438
17148400649
14463572481
16269214303
16157366141
16754401185
13713995531
17571862335
15064395362
13415750301
18170578929
16843902385
16166576941
15747747537
15813745709
18100373036
18169627659
18265148604
13273394261
13596331213
16747312464
13188150707
18280781427
15367562646
13170133160
18424835255
19653322244
15917999258
15238570233
15120716736
18222489361
19277112141
16702590974
13971387853
18989214974
14902469020
17277949273
16700452196
14091215902
13616271958
13398142612
19296436793
16850114700
15080626418
19477209554
15054349891
14717208552
13218054052
13237863462
18103227311
17348403271
15909323240
15967627193
19758555117
13593664502
18841089469
13004731631
17179820683
13283482747
13938222709
15761221175
13038729131
16864071152
17410833667
19874603405
17556934385
13865522990
16046909087
19259544552
18754287974
17281691541
14336412169
16624536782
16076208065
17166001156
16688931319
15106186783
13297291663
17990813686
19694851421
15882486112
13358901584
19412156913
15938328510
15240592411
19359299496
14601384213
15316768595
18481210642
14577079452
16521711516
17886533293
19613678739
16324082581
17444844808
16118992788
13575737234
14633813030
17561055128
19636008699
13659071609
17264989418
13362294273
18626985297
19261054591
16665649423
13754811034
14513943163
18211239479
18045946418
16462276752
13798392101
13881651016
17133299300
17778620323
19065963248
15583969488
17293043718
15763430166
15421786689
14018011486
15052945006
15201976544
14777867451
14370915326
17025655965
16145867233
16979562171
17140691282
16604293269
17436014893
18787027650
16942516573
15073186039
17836788858
17248009665
16261904472
16365774188
17122714852
18262162612
15374989736
17036107897
15487398265
14489025809
14182569425
15597523876
15943044518
19315078232
14619633163
15784877448
14850881385
18480630639
14390293199
17063882186
13867996230
16815436888
14977023452
13660617147
13941574178
18063777510
17714882214
17544377116
18369635030
15944633336
14439294473
15476346718
17212960843
18220958713
13627215978
17424362445
19988863608
14310131153
14113509073
15535809775
13872243086
17756016330
17369444825
18003964149
19353118872
13925818761
18020225639
19022236808
13400480160
17138221362
16621774742
15500265640
18755304479
17434380099
18397175503
18082787836
13178083690
13625806074
16299492131
19124648434
17851262068
13893648461
15626263344
14322838139
13465752641
17595391768
16910230533
17816517574
15684892968
16175067564
15093449606
14093306433
18415943288
19918263776
16916969951
18142586620
16351553901
14934173808
16224765899
15605455404
13106455749
16582269073
13290493566
15249927309
18829406696
15287206550
13382450768
15076645965
14661085854
16066868804
18480117093
19875652978
18597306577
14263123551
19561831954
18304204133
17151846636
15698355891
18207201106
18661016560
18984579289
15354185997
13108924873
13187177565
16146185771
18120921316
18444965976
13129909675
18722616100
14925465632
19268450602
17408917193
19025197458
13228823284
15928393463
19533258512
18989923527
13265474088
17831437861
18760643985
16460238669
17695002661
18086467061
17668668183
14291629810
17181411782
15644512258
14102236479
19545531625
18174396923
19696751436
19275238376
13357489356
18674034935
15102473502
15327327572
19970370540
19370514123
16224708372
13352645269
16261012223
15088759990
13446207972
19982282243
14851451705
14021406492
14082797320
14066043927
16084570613
15300668874
18185762746
15030189912
15208066193
19697581945
15957337272
15856149832
17188493898
17284981945
13601542317
14929312544
15706266872
13366311407
14214211031
19174016554
13204636181
17110874217
17038181837
18604234165
14884504996
14435910084
13241847656
17349377643
16427730162
14114850630
15097647324
15045791598
18313659757
13691896294
19489123730
15286645463
15142986883
13053392686
14761380559
13589619701
14349119205
17718311777
18856172861
13131566213
17112298351
14737048023
16190978685
19746536512
14242038697
14999843503
16430998396
19019121437
14189058965
16689800564
13394932676
14671871856
19700830239
17542640301
14502557515
17667792102
16528874766
15674761055
14203135105
16382347530
14234068770
17890064944
18203482222
18379961713
17271728195
15091572213
16324646300
14399425005
16471849524
14367961340
14266936567
17574976509
16828038004
19156338026
13672216461
19529561560
14246600078
15337890704
13722905332
18476815589
14561399191
17204947667
14722741308
17153099946
14303793854
16437140101
15936233620
15172233979
14068477070
16812671058
17896063426
13384589593
18869843175
18392583091
18757363329
18909300265
16184194432
13131963280
19972650008
17326170932
17005370131
15809442828
18190662688
16516067329
17340524616
17398258643
15029280958
13209135749
19497316276
13687537913
15294780164
17572042574
17847507728
19279874608
17226815756
16313343012
17922396812
17239738489
13903014828
16068359810
19396126542
15433716979
17519160065
19328702974
17342357641
17263964292
18768439301
17229434880
15303800023
18261029412
13160697045
16019674764
17364353911
18286164757
19581623750
14451298323
13588802486
17502583367
14381791339
19317160305
17388979904
15372077808
18380064775
17672507828
13576761020
18944966416
14730736524
15729238247
16238597582
17197406766
15939020675
13842570255
16602801785
15300945913
19129091697
13928030231
17442643532
17189706520
19900079822
16619702289
19998027257
14470531797
15173471769
18711432169
15443933746
16177568767
18305886304
13364436140
18028887420
16280393117
16473094697
16134589456
15234150177
19932261306
14363650417
17658058941
18502467654
19162573172
16735636191
15178982642
13447977281
18541306747
18379802243
16295501169
17901233420
16282999162
15445861165
18859947918
13058369665
16564829238
14482097794
14041097365
16764335682
18911359302
18678608419
19426899542
16207088864
16047431324
15701391110
19406355307
13114528309
15745291421
14327182792
19567740052
15217272310
19510064180
18348076891
16597056185
16154699309
14943170039
15757850552
16795768431
15452475297
19668733044
19795927404
13703057528
14289009336
18916577060
19510783859
19376334298
14862948461
19792092074
14487422128
19884233593
17886625935
14527202526
13672918721
18283347162
14136451784
14567967530
16960347095
19432656459
14989241238
14470940096
18255638923
15378549735
15546426277
16779782287
13617937074
19784925009
15875880829
15271706387
16018204902
19822329345
13998505797
15024205424
14505075291
15005614809
14466651599
15386613097
17289687295
16214723870
16984595009
13748296329
19662771738
14248539985
18736669633
15991350767
18257934781
17207319099
17041081148
15296149382
18714837915
13080806225
15241085103
19021711257
17922485951
18808135569
13808956299
17606970106
17975924695
15601627818
18274130305
16492799351
18621936123
15184129401
16433992040
19393548286
16938629462
16508495454
19759302704
17703500700
17302517717
18648703327
17379274199
15272719514
18970204671
17379544852
18359525795
18757931839
16701603291
17921776604
17617529424
14846412624
15146452652
13785352191
16104965370
16425259793
13069539206
16798565099
13612911257
18199539183
14239332842
13501657460
18020691035
15256768530
19095091218
18144377075
19888681862
14535305658
16845648602
19997713465
15563012822
14968187790
17001016223
13700472744
17943130654
18912716018
14351228093
17199513027
13824098260
16146845605
16333096409
16733852414
15611709352
19920147060
15873211147
15288452554
18505241970
16351556905
17942723863
17289805579
15194396341
14443631873
19888654440
16994080664
17115533359
15746318400
13349368814
17945560288
14516505578
13230280697
15744413342
13156309435
15347601187
18435502284
19152276297
18768106430
13844660913
13311390694
19112768047
19638483230
15120291796
14699137509
17711576622
15132492402
15910408592
19965143171
13434330275
16554417859
15752688253
16072977921
19318238861
14217282228
14845051944
14201125555
14686700676
19492545449
19366596473
18092104911
17482374580
14676741681
14226903215
19122711372
13422721566
19414772339
17328627286
16735791693
15166402324
14257736689
15897253706
14353026502
19216623379
18021902192
14319863626
15392518357
16478409534
19623481860
15520741169
14471970999
18677775427
16750332246
18809463517
17347407209
19540664535
13271409639
18220645907
17226577317
14080397882
13759775988
14154319568
15297020613
14709710841
15099956399
19623417910
19678188464
18208624979
17804042652
16182090334
18979532829
18871188264
15431221491
18240068743
15553398287
19531008101
13508563212
13788233341
14918055284
17170518824
14092778551
18954607603
13637665830
17903557504
13336409682
16054993841
16956914557
19385528762
16142713054
19775275885
19273083186
13397578060
14785106611
16201250981
17786861194
15180584355
14641022609
17181252613
18093585041
17495511642
18282082957
19912372602
18342755647
17402404288
19955582460
14865207142
15427159944
16542339501
19907685231
18292701703
17788155746
15523110244
18772712892
18629327875
18264829105
19535034232
19969076584
19039131664
16968139044
18293667714
17468726266
14088525565
13388589845
18444726470
14580045049
16380135709
15289770398
14576219846
17591002107
13027157983
14403803022
14783781432
13721083190
19901256259
18125064234
17482513539
16133384293
16464963636
15767892311
15096971341
19135596168
15297422259
15364488805
14414855167
18912597470
15651547246
14017489665
18529393498
15452826995
16173959833
16848783614
15937066610
19988927910
13977242535
15984982243
14287311186
19986869651
16352693111
16401645842
18192340975
19583826700
14636783179
18475888076
15107168890
13902290984
15436935593
13608232796
14635968601
18215299904
14465483380
18656153349
13510705909
18426165891
14206935702
19609957733
15364146054
16225370496
14075292794
18245590024
19269664109
19537309314
15426266035
14379411270
13966196393
13789279232
14894301048
14052473615
19409018108
17811009812
13606024428
17323172634
13580014292
14590534115
17366877189
16990254981
15546269718
18342085988
14271153073
13954679179
19270720113
14196182424
15914048188
16005100713
14995933114
16854749877
18912911579
16797411970
17704306660
13682706010
18160671566
14355700237
13824241022
19183767239
18232207214
16424497756
16076603337
18748900927
17177933921
17472581103
13441210529
14748518355
14170466740
16119216043
16969244496
15625717232
14662955687
17465540231
15064397985
19868835037
13357545260
18244560035
13210330422
15475122470
17204200761
17827830677
14791534229
18495541381
16902856483
16392590913
17089724234
17683914776
17098382987
18975712807
14090229816
13659129549
15502946645
16997242215
16522661863
19342663156
16895519966
15959111362
18961565405
16365666466
15579001776
18414933730
19770234371
18357175712
16845865162
13396898675
18150879536
14138019361
19219318932
19826338236
14000640960
16419958846
13862646706
14907709976
13227015166
18919066978
14199055946
15774895244
14771217306
15653782495
15660758467
16635085387
16103295455
16932256571
19502332871
13120189112
17921658592
19864837526
15868698326
16090312553
15413183436
14235285610
19484925109
18425433305
18392763381
16269434226
15840138566
18938652015
17527014481
17369671917
16443661680
14231333334
13709003438
19611679773
15424367282
13499105233
16896324758
16099156618
13863131355
18187009561
15763218343
18991421647
13716600455
16610583255
18658714549
13920937617
17300092459
16898018296
14188947159
15560027278
16337086498
16718210408
19739226043
13183160022
18347097929
19517069999
18640412357
15041261631
18336372677
19812158091
19058844923
17320306548
15219108823
18962240810
16585306005
18273207392
19147493155
16516737235
19798542740
13017862418
19687492423
14273653789
14750291158
15618448663
18658315468
13980171702
19463593333
15676849348
16762413790
15249787250
19004524534
18798468706
15981637205
17230473386
15980750592
19503121824
14116419035
19277356827
19482365536
16228888256
14347865842
14283496198
17592464965
15380879530
16939780224
18560178320
14738702352
13920479666
18510371636
14595257913
17634505145
19783531163
19044434730
16737006496
16837566058
15381921073
18432514889
15033450527
15508202929
18091205999
19338252334
18233749155
18217860472
15749640675
17980511406
15812044558
18947663617
15666061567
18736629524
15137555765
13247761559
16765111863
14124990820
14785029266
15917509446
15989523883
15696128068
15722193228
17303539984
17249506624
18682138662
15586603971
15953517899
17844635429
18038279303
15060340186
19092436843
19378236227
13962633011
19939702534
18435008640
14809473019
15223611810
17739992843
13926696642
14777692604
14047565501
15803551467
17098230013
15881574262
13679488824
17040153218
18720975115
15610656971
16456670804
15583565703
17246657935
19454339993
18579011711
15658634655
17072008749
18427182072
19716547022
18654621656
13188824953
16618117757
19262348767
15076660741
15858519262
13175025732
18878539280
15848904884
14800324026
14090221175
18347073367
15574786566
17044290990
16870125862
19759635943
16104572104
17444057769
19154856746
17497124240
15881310667
18575267366
15724229699
18385105821
15698292739
18910687106
17206572991
15144208402
16411308523
15954572462
16315502487
17014289976
14995731585
17890304074
16505262028
18630894669
13416813831
16364525160
19381044567
18219187083
18859221942
19553193401
19899133317
15604117067
13154900266
15725471202
14970455243
13942038119
16017958961
15838835139
14740258367
15855235853
13164925433
15389340893
18922539223
15946996614
17672273564
14726098364
17739402074
18396549922
16346168174
15319561194
19837427342
15317388803
19863659923
14287332197
15697293057
13012387092
16043787970
15132774549
19418341915
14466557735
17770166069
19689660752
17354442744
13201192757
14866760014
19142146521
16221983964
19511289469
18969878653
15927397924
14271351104
18740301536
14178593059
17295476227
13913828418
13078362605
15713146608
18974455029
18552025796
16370129855
13259641486
13197311348
15218513209
18324477738
16372364563
14646760833
15888727973
19070744604
15910495589
17170170570
19573681169
15109130343
18711306836
17863405602
15023608171
17256052884
18333528210
15230464047
13678900174
16133938478
16993802979
18481423741
13923834106
18231160130
13262159589
13414061345
16986296839
19984436303
17442863946
14609959420
16896622362
16891947500
16983119655
19589760598
19543387597
14351213563
14531179693
18988924768
16091068187
17531904590
16973660531
14078086282
17338356165
14377421407
16033992895
17649256608
13273658244
18169418165
13870316393
15420980296
19843737429
19213972417
14768451933
18493556889
16290322053
13715194305
19609220804
19672605080
14689372967
17309782755
17131670459
16064816253
19166959075
19975333127
19051571648
15438912931
13382469917
18727230908
19809700596
19055433649
16588423469
19426372075
17471077568
16530536154
16951763872
15105759568
13042218693
13514224531
18261357150
19184967114
14429468068
17677792669
18500617689
15384770555
15024880506
19716359418
19628811835
18510604206
18254296055
15550252762
18569205097
14661037987
17746831973
17773919882
19831650890
17505680758
13484378483
14539297394
18206981338
14407407355
14633322011
14630382893
15765389043
13508218377
13247377649
15240358131
13729305937
16898575381
18892086783
17187189801
16452301124
13399227662
13017607789
14539323492
15888044498
15496024401
18722060183
17069590197
14095594727
15167747304
14069638685
14487526038
13373546733
17751666808
17984511791
17888703753
13854698105
13710525535
16339241474
17355600509
18740543647
16122595255
16132326022
15356484974
13575678812
18196977163
18162904975
14819915477
13295562339
13656587952
17489644092
16195606209
15545201795
19601583200
19035815129
16433292339
18123469764
19020701069
14685285021
14827290675
18879252777
15183619334
13265867001
18086872955
19775430538
17582225653
13580198600
14791526132
15463144317
14907231431
18578471532
17237723294
15327635940
13786291153
14353961224
17042878747
19254625262
16559248112
14923071545
16229303597
16302269575
15258311847
16693399404
15236701794
13469778740
15048514246
16794788345
13008791616
13573725803
13253263344
17815436511
18346784688
19948432065
16361267848
17379569543
13732527269
16932998383
15694429435
13091564197
18392495072
19208470859
18040006979
19004878395
15765445401
15665361426
16654848583
15718193648
13621862169
16430103347
13439015907
18552321754
14683886708
18647161191
13799473428
19165709466
16979796673
16276081885
16652099880
14744765244
13140013493
13129260480
17114814015
13464264323
18082011663
14659960070
18778004981
17142973257
13097339665
19621598224
16988989786
15548450658
18805847083
19146681599
13526603772
14074780295
13511425298
15995574050
13701898186
16305545390
13813959523
13621821153
19824095357
17250803546
13424721172
16682314832
15862170463
16535553003
14437168063
14263569535
17444555417
15200978384
14042815365
14164171833
14167494294
14447319118
19630802533
15910597623
16934805198
15640272498
13088421996
19387517386
13123058157
19219526340
13223095257
14621706466
13060577441
17218756213
18469747313
13902177240
15746834181
16091276205
16519380397
18515888382
19653908198
14836893436
16910279856
16772411577
15418266900
16869056327
19801774232
16405616429
16666929541
18045837466
19091056894
13800915815
18597571886
16934296797
13870823299
17348732555
16174751809
17158243974
13460476112
15446638092
16150685377
13679126774
16070346509
17789482482
18890748992
14841170912
17362458305
13586092849
13680931231
16546235928
15756750258
15655636145
14394274721
17408770345
13164254659
18724155950
14773402430
19400554618
17028847774
18792103601
15424391896
13075628087
13850421494
14100519813
17825387944
13887134450
13713883368
15450139195
15863210546
15927656005
15415121592
18693725003
16292224243
13787800915
18813032865
16565469289
17092948918
14856427496
16738283380
15105230390
14185061320
15270511934
13468824513
13637782106
15493571931
15359903079
14697819874
16629931964
13897680861
17354052146
13256718788
19869565896
13612281971
15756659021
16364564118
16571750969
14739999745
19801756516
18973935422
19874138321
18431897799
14401964422
18172732542
16863327016
15505412378
16796070048
17095082841
19566596695
17186882918
14790151568
17136278043
14210680685
15998962497
15292400100
13582056444
15319913534
13670967264
14678900479
15771967322
16911152378
14295717753
13069645329
18690903710
18981228985
14232208311
15630713480
14957610213
13740110342
18157014532
17452909694
15754223180
17321361866
18929745505
13749846148
15094698708
16992495851
16462360550
19841409799
17430387745
15472060172
17549492004
17586832129
19803812517
19995569327
19742156877
18007595020
14625563013
19286553657
16735530437
13969698074
13497419119
18551288302
14947473855
14907071649
18281375212
16725429267
19433048727
14847848531
13106604864
14997394445
18091442453
17422211649
17271660949
16878195147
13868830241
16194474179
19330180308
16998250339
13522867496
17652493511
15457857693
19594145892
17552356628
16810455070
13433552974
15952755796
13677905657
14425303943
13674818039
16496031936
19609270093
19193126337
19516591928
16596474469
16454774653
18876325461
13085137615
17587079111
19863381696
19613012036
13876626856
13859663238
15967394039
15927415462
15825499495
13294021661
16523437027
17537960284
18805993792
14736802075
19249682519
16304105487
16685895024
19605822701
15295253322
13213865125
14657201675
18544599026
18038877790
19365402804
13502133980
18787524347
19268299551
14372729288
16809384006
18290499045
16488486186
19221281119
16673426678
15214686307
17720641402
19291972393
17416209144
19911159512
14577939861
15845292997
18291819983
17291089683
14851643674
15511457826
16377038226
17076690654
19272119745
17974521893
16988938224
18618568133
19543324172
13736143711
19976904783
13706406225
14052175044
14814883016
18971223584
13481715166
14141288322
14484292390
14371915461
15751114612
17087439618
19382129089
15178337189
15669621386
14581946208
19747051383
17672752500
17285035036
15882520713
15992797627
19130717533
13786544467
16524303139
13423443932
15209967071
19458203270
16130498279
15234872304
13093405205
13421250331
15347028974
16787040721
18905725752
15569965987
16364623557
13269095000
13574033794
13460067585
18261321554
18915140130
16974192050
19613959006
16920792665
16337375450
14997178437
18899304325
15532973323
16854098185
13989442365
15238252797
18102451165
17155226135
13258277815
16040867786
18295382391
15597332244
18160350534
15363970868
17698856706
19549941675
17939615900
18493701609
16882866195
13529172095
18551179021
15456767795
17455407914
19482175150
16278634287
18019400817
15068989660
17259587547
18657284962
19736529217
17120429428
18263707206
19031749091
16765865412
14625544952
18999040866
17792154692
15803037790
19926239505
16977214369
17690712373
16961115413
14651784944
16613833567
15708999459
15083698519
13093147367
19428315905
19105796235
16507549550
17740630263
13427532882
15082611121
18093218759
16963622577
14692430229
18769101812
19212047337
13977293269
18839343354
14815394614
15704235159
17312718122
18428115357
13306933336
13759396590
15044912710
19562816915
16995928305
19921129535
19739895649
15906924374
15769719114
19157064172
19756926423
13202493520
19666949361
14796569405
14977329709
17883743172
19930935320
18279561833
15952543298
15290217639
13912554187
17451778935
18167610951
13980406936
18552272636
16595283834
19623453029
13045021031
19683575457
18020353872
15239012304
13486293620
19657090694
17078741394
17215657451
16536196572
15922735659
13481518397
17677120939
14447666563
16430835301
14342943500
15459613549
18870607763
13737218071
14426548127
18851402674
13803443741
15848171833
16430522688
16843266249
17001706351
14110081732
16285172162
17984965260
17828942041
18804654194
13223372063
19784970131
19241037399
19912572595
19564105256
16463220615
16672517790
19987763874
18719319125
18189190504
19154029674
13789958657
14507165811
15477269760
16809028083
13824261255
14179445776
18481883734
14537736379
13376139322
15809772748
15844452649
18045226335
19430100390
18827468818
15933578768
15916819079
15482070572
16676426294
18784263556
17701473671
13104572676
16276303038
13821989804
15120669183
15028721659
18231657082
16845155867
13699592097
17580810781
13670470961
16324587348
18210776238
17994621834
18938489902
17586166430
15751558735
15329547217
16899787983
14558751245
15207728802
14244910602
14104239979
18559310297
15702219862
17259357950
15087378594
13539184443
13476359339
14303637674
15553993189
16956258728
15330871151
17101714266
17830461138
19529938213
18473303085
16829429044
15198897692
13334550461
16737548400
13181299886
13124012207
17518100641
19779031373
13361477218
13565760492
13582537975
15981830175
18849833150
18776391455
19055774426
16118742336
15185820044
13115476095
19232014756
18265368988
18537449367
17741153016
13551762035
16418263146
17985127763
18466929789
16503425849
13298537269
14567485598
15881983444
14055362962
17913949342
19266521862
18311305959
13073038622
15701538766
14965853823
13550282702
14698949334
18361905252
19193779802
15320539082
14110375194
17408210570
13290880094
18013706307
13698457551
18375629437
13196708547
15496050932
18154955275
13916818178
17005201751
19085206135
15085811109
13716991913
17238256662
14410508104
16360604742
18896644310
17853516675
18731942794
17168024004
15715180375
13879811770
19363802640
17879465960
17476031520
13654641821
14953351485
13924837902
16530485115
13494366479
17808880221
17531276551
15119403169
16245050161
13213969090
18919589442
18500088838
18890149178
14830394063
13874416129
18972837966
18431344223
13504156608
18023504271
19251357338
19731334735
15630683820
17342343596
19162486277
14204049231
18895514979
19934363490
16349216893
15321856717
13021178671
14766108372
13438831004
13521522185
16409920267
17742705661
19568790973
16136010816
17380279709
16610665040
17245661892
16596707910
18213284438
16462240509
18150478402
17145676768
18309763447
15964257752
13620957986
17335394385
19133531656
17289007494
14410049812
19595468931
19874257050
19223843521
17205224869
15592257919
16301002970
16794688646
17436205295
14496251392
16983188257
15449202509
13508477401
19184249395
17915568454
16270036706
18239727957
18654972450
17153472434
13280294857
15901755130
15772011293
17115749907
13259728178
17857969796
18188624711
15695559282
13497933589
19875746291
19685294389
16883982740
17717005493
15390232774
13181895623
19505203161
15211958810
15084198073
17272818068
13339669342
17919683036
16735678001
14392123444
17436647299
14645899950
14060060686
18261092669
16972481509
19588273327
13337204353
17642613337
17726292778
18663197766
19185482898
18599100088
13018110508
18284735825
19374602079
19726049579
17636611221
15542899314
16126339507
14458751483
13036050638
16795075977
15012897947
17652583069
19028932941
19446962696
15270384391
18945488836
15574695248
17601237167
19505031010
18336655291
15661799268
14950908514
14366837021
18728860601
19610544668
15193418944
19106136888
16694323906
19171976353
19806581228
19700576637
14670667215
17941528029
13164258928
16947028302
17486233729
16588114103
16446345957
17979165842
15139289597
13173294775
14103678548
13468314594
14029915443
18489714987
14515735690
14924730268
17668761600
19652323164
13971237889
15231052201
15799559210
16823623102
13001096997
13808808177
15195464464
15443390982
14323532819
19244922343
17358102192
19851729127
19812897717
18895422446
18888630312
13347190842
15526251020
17322743385
16611628947
19655302681
18964630322
16043249404
18829193364
14079092802
19666314353
17083624143
14664340681
16819758794
14110641537
18414010131
14254681981
16547866597
18720346986
13437860968
13888104976
14493786304
15417234580
17419068595
13687373001
16742824279
13048032812
17762006422
18114969725
19313064919
16224032739
13746861191
18238726828
18980296968
18322543991
13509418929
16249949252
17818804808
19598849797
19051468221
13055356062
14220719442
14722608453
16832286689
15923885436
18430277831
18334113549
19538379335
13631475908
13009779398
19883873035
14742874902
15412333573
17361886951
19850876554
19536306560
19580214338
15823501991
15299350269
13308345410
14713450046
19065197051
17897463687
13134933861
19199510045
17617711722
16437339074
19219604481
17193094672
18648527486
18089243301
13727962875
15070225545
16684760264
19530185602
15349045787
14746640685
18334100182
14281611174
16875455773
16646667958
18086589179
19521806564
13613464004
14217538390
16164346595
17775255002
18300932553
17534811764
15592915546
15152529597
19425304193
13681939664
16296171046
18551134847
14690159341
17435616232
13139098629
15270079752
13763928267
15872046869
13935536280
19396107494
17820876505
16852415466
15949195512